0.41
-0.66
-0.62
-0.22
-0.01
0.19
-0.96
0.11
-1.03
-1.96
0.55
-0.40
0.08
-1.46
-0.80
-1.39
-1.67
1.93
-0.86
-1.67
1.54
-0.85
0.92
-0.14
1.40
-0.76
0.21
1.57
-0.39
0.12
0.14
-0.24
0.06
-1.13
0.18
-1.10
-0.79
0.01
0.21
-0.84
1.56
-1.77
0.39
-1.66
0.57
1.03
0.26
1.77
-1.03
-0.64
0.34
0.38
-0.19
-0.44
1.18
0.61
-0.67
-0.26
0.21
-0.22
-0.35
-1.40
-2.04
2.42
0.57
-0.59
0.88
-0.30
0.24
0.05
0.17
-1.10
1.06
-0.39
0.31
-0.66
-0.36
-0.24
-1.10
0.97
1.66
-0.20
1.43
0.09
-2.56
0.90
-1.91
-0.80
0.56
-0.59
-1.15
0.18
-0.11
-0.74
-0.75
0.63
0.08
1.87
1.03
-0.38
-1.29
0.37
-0.55
0.11
1.29
1.31
0.22
-0.32
0.93
-0.45
1.83
-0.18
-0.96
-1.42
-0.20
-0.23
-0.09
0.07
-0.36
-0.36
-0.36
-1.75
-0.66
-0.41
0.96
0.99
0.21
-0.67
-1.96
-0.96
0.98
-0.43
-0.21
0.45
-0.12
0.89
-2.37
1.47
0.01
0.91
0.48
0.59
-0.87
-0.73
0.10
1.14
-0.70
-0.00
0.91
-0.03
0.65
-0.04
1.01
0.70
0.08
-0.03
0.76
-0.05
-0.46
-1.03
0.37
-0.22
-2.11
-0.45
-0.13
0.34
1.24
-0.52
0.32
0.57
1.56
1.52
1.16
-0.73
-0.04
-1.55
-0.16
-1.24
-1.60
0.72
-0.28
-1.09
-0.54
0.25
0.33
-0.86
-1.17
-0.47
0.09
0.42
0.27
1.22
-0.53
1.79
0.16
0.76
1.00
-0.61
-0.89
1.76
0.98
0.71
0.65
-1.32
0.08
1.29
-1.30
0.04
1.17
-0.91
0.19
0.36
-0.10
-1.55
-0.23
1.04
-0.30
-0.75
-0.60
-0.33
0.83
2.03
1.02
0.48
0.63
0.02
0.32
0.53
-1.10
0.02
0.65
-1.20
1.28
-0.49
0.62
-1.34
0.13
-0.19
-0.14
-0.50
-1.57
0.08
0.43
0.23
0.43
0.15
-0.82
-1.40
-0.31
-1.23
0.43
-2.13
0.98
1.18
1.39
0.87
2.09
-0.11
1.16
-0.64
-1.05
-0.68
-0.62
0.62
-0.79
1.23
-0.89
-0.16
-1.18
0.17
-0.81
1.89
0.34
1.05
-0.02
-1.30
-0.23
-0.11
0.36
1.67
0.32
1.88
-1.07
-0.12
-0.86
-1.37
0.99
1.67
0.72
0.10
1.19
-0.69
-0.80
-2.53
-1.56
0.56
0.17
-0.27
1.97
-0.59
-2.17
-1.09
0.77
-0.56
1.17
-0.69
0.26
-2.35
1.44
-1.23
-0.64
0.59
-0.85
-0.03
2.17
-1.58
0.53
-1.40
-0.10
0.51
-0.28
-0.90
0.77
-0.20
-2.21
-0.37
-0.23
-0.43
1.45
-0.09
-1.21
0.40
-0.74
-0.24
-0.50
1.04
1.56
1.96
0.46
1.57
-2.77
-0.36
0.24
-1.29
-0.76
0.30
-0.29
-1.30
-1.29
-0.90
-0.66
-0.11
-1.01
0.53
-0.65
1.00
2.32
-0.79
-0.18
-0.30
1.47
0.05
0.13
-1.05
-0.92
0.76
-0.28
0.09
-1.85
-2.39
-0.34
0.05
1.40
-0.66
-0.79
-0.14
-0.32
-0.39
0.68
0.73
1.99
1.17
1.71
-2.53
-0.91
-1.07
0.07
-1.90
-0.39
-0.55
-0.02
-0.32
0.36
0.51
-0.51
1.16
-0.89
-0.57
-0.14
-0.88
-1.28
1.20
-0.47
0.60
-0.06
0.25
-0.13
0.83
-0.27
-0.77
-0.53
0.27
-0.86
0.35
-2.07
-0.66
1.14
0.63
0.23
0.69
0.09
-0.04
-0.72
2.36
-0.74
-0.58
-1.05
0.12
0.36
0.83
-0.27
0.35
0.94
-1.30
0.62
-0.27
-1.66
0.28
-0.23
-0.24
0.22
0.27
0.35
0.78
-0.31
0.29
-1.22
0.76
1.43
0.06
-0.54
-1.59
-2.52
-1.23
-0.14
-1.98
0.75
-0.63
0.01
2.00
0.16
0.67
-2.01
-0.00
0.11
0.92
-1.86
0.39
-0.56
1.09
0.24
-0.12
3.15
-0.16
0.97
0.71
1.12
-0.03
-0.04
0.24
0.03
0.22
0.56
0.36
0.75
1.72
-1.92
-0.55
0.83
-1.73
0.17
1.66
-0.20
0.64
-2.04
0.69
0.77
-0.84
-1.47
-0.88
-1.44
-0.75
0.09
0.11
1.09
-0.03
-0.01
1.53
1.21
2.68
-0.69
0.95
-0.10
-0.00
0.60
-0.22
-1.73
0.26
0.21
-1.90
-0.28
3.41
0.34
-0.34
-1.99
0.33
-0.63
-0.26
-1.21
-0.92
-0.45
-0.92
1.59
-0.19
-0.97
-0.80
0.54
-1.30
0.98
0.84
1.63
-0.68
0.10
0.92
0.20
-0.36
0.30
-2.33
-1.25
-1.40
-1.27
-0.11
0.65
1.04
-0.45
2.33
0.60
-0.49
-0.64
0.16
-0.36
0.14
1.38
-1.26
0.39
0.35
1.70
0.74
-0.11
1.37
0.07
-0.16
0.39
-0.84
-0.75
1.24
-0.68
-0.00
-2.32
-0.85
1.77
0.90
0.73
-2.21
0.46
0.90
0.48
1.31
0.04
1.35
0.79
-0.96
0.69
-0.13
0.11
-1.18
-0.84
-0.20
-1.59
1.23
-0.24
1.02
-0.19
0.27
0.53
1.59
0.95
0.82
-1.47
0.13
-0.83
0.56
0.19
0.50
-1.83
0.96
1.86
-0.89
-0.73
-1.13
-0.99
0.91
-1.40
-0.55
0.62
-0.54
0.10
0.09
0.89
-1.42
1.50
-1.76
0.86
0.59
0.75
0.41
0.71
-0.49
0.18
1.06
1.38
0.32
-1.36
0.99
-1.18
0.71
-0.10
0.51
0.39
-0.08
0.23
-2.69
-0.09
-1.45
0.32
0.11
0.26
1.38
-0.80
-1.01
1.15
-0.33
-0.26
0.66
-0.48
1.00
-1.86
-1.28
-0.69
0.51
-0.73
0.43
0.54
0.95
-0.87
1.67
-0.71
0.47
0.82
-0.54
-0.09
-1.05
-1.60
-0.24
-1.45
0.94
1.83
-0.91
-2.20
-1.37
0.58
0.86
1.89
0.08
-0.53
0.72
-0.88
0.69
0.27
-0.04
-0.33
-0.88
0.50
1.14
-0.73
0.56
1.35
-0.72
0.06
-0.30
-0.68
-0.32
-0.76
-0.34
1.11
1.72
0.57
0.06
0.58
1.87
1.55
0.69
-0.29
1.37
-0.45
-1.62
-2.13
0.59
2.02
0.22
-0.09
-0.82
-2.15
1.23
0.27
0.65
1.38
1.24
0.51
-1.03
-1.97
0.42
-0.40
-0.18
1.30
-0.07
0.27
2.17
-0.60
0.35
1.57
0.13
0.63
-2.33
-0.62
0.70
-0.56
-0.74
1.64
-1.10
0.16
-0.56
-1.49
1.10
1.85
-0.15
0.30
-1.66
2.42
0.28
1.57
1.04
2.66
-0.34
0.76
0.04
-0.02
-1.13
0.67
0.61
-0.09
1.60
0.55
0.72
1.30
0.08
0.11
-1.80
0.79
-0.38
-0.93
-0.99
-0.04
0.55
-0.44
0.06
-1.38
-0.68
0.04
-0.25
0.44
-0.59
2.38
-0.19
-0.92
-0.85
1.22
-0.29
0.19
-1.38
-1.24
1.21
1.60
-0.24
0.75
-0.19
0.19
-1.40
0.10
0.46
1.72
0.07
-0.48
-0.53
0.86
0.38
0.67
-0.73
2.06
-0.33
0.65
-1.45
0.88
-0.14
0.21
0.33
-0.54
-0.70
-1.13
-0.67
0.91
0.56
-0.55
0.71
2.04
0.40
1.18
-0.20
1.96
0.32
0.17
-0.83
-0.15
1.05
-0.30
-0.84
1.28
-2.55
0.58
-1.02
-1.65
-0.33
-0.94
-1.57
-1.06
-0.95
0.47
0.85
0.02
-1.39
-0.75
0.51
1.57
0.39
-0.09
-0.75
2.51
0.87
-1.03
-1.14
0.88
-1.44
0.94
-1.03
1.07
0.23
-1.41
0.19
1.02
2.26
-0.00
-0.36
-0.73
-0.21
-1.02
1.12
-0.60
0.92
-0.68
-1.43
0.96
-1.51
0.82
-0.73
-0.08
-0.26
-0.89
-0.24
-0.78
0.83
0.54
1.00
-0.68
1.52
-0.20
-1.97
-0.61
1.34
0.79
0.32
0.54
0.05
-0.46
0.46
1.02
-1.18
1.22
-1.19
-0.16
-2.83
0.87
-0.56
-0.31
1.29
-1.25
-0.98
-0.33
0.77
1.50
0.27
0.80
-0.02
0.01
1.36
0.13
-2.82
-1.44
0.09
1.10
-0.83
-0.39
-1.40
0.07
-2.51
0.18
-0.56
-0.27
-1.07
0.92
0.05
-0.96
0.61
-0.09
0.74
0.40
1.09
-1.22
-1.12
-0.46
-0.56
1.35
2.37
-0.87
-0.21
0.42
-0.08
0.21
0.55
-0.18
0.14
-0.19
-0.05
1.62
-3.19
0.03
-0.53
1.15
-0.73
0.06
-0.01
-0.24
0.22
0.83
-1.75
-0.21
-0.15
1.47
-0.25
0.04
2.89
